# dolby_vision_lgeg6_RevB_v008.cfg

# Standard (GD OFF  GDMax = 100%)
PictureMode=0
Tmax=150
Tmin=0.01
Tgamma=2.2
Tdiagonalinches=42
TLMS2RGBmat=5.38572773 -4.37460535 0.13598999 -0.88712532 2.00306990 -0.13918871 -0.00235146 -0.12354223 0.98913372
RGB2YCCmat=1.00000000 0.00000000 0.00000000 0.00000000 1.00000000 0.00000000 0.00000000 0.00000000 1.00000000
RGB2YCCOffset=0 0 0
TBitDepth=8
TEOTF=POWER
GlobalDimming=0
GDAnchorPQCoeff=1.0
GDAnchorPowerCoeff=0.5
globalDimmingDelay=40
GDPwm=2 64 128 192 255
GDLight=89.8 91.7 100.6 119.3 150.0
GDContrast=1897.7
TBackLightUIlut=-0.9595 -0.8784 -0.7932 -0.7203 -0.6392 -0.5581 -0.4730 -0.3959 -0.3149 -0.2378 -0.1568 -0.0797 -0.02 0.0


# Bright (GD OFF  GDMax = 100%)
PictureMode=1
Tmax=100
Tmin=0.01
Tgamma=2.2
Tdiagonalinches=42
TLMS2RGBmat=5.38572773 -4.37460535 0.13598999 -0.88712532 2.00306990 -0.13918871 -0.00235146 -0.12354223 0.98913372
RGB2YCCmat=1.00000000 0.00000000 0.00000000 0.00000000 1.00000000 0.00000000 0.00000000 0.00000000 1.00000000
RGB2YCCOffset=0 0 0
TBitDepth=8
TEOTF=POWER
GlobalDimming=0
GDAnchorPQCoeff=1.0
GDAnchorPowerCoeff=0.5
globalDimmingDelay=40
GDPwm=2 64 128 192 255
GDLight=89.8 91.7 100.6 119.3 150.0
GDContrast=1897.7
TBackLightUIlut=-0.9595 -0.8784 -0.7932 -0.7203 -0.6392 -0.5581 -0.4730 -0.3959 -0.3149 -0.2378 -0.1568 -0.0797 -0.02 0.0



# Vivid (GD OFF  GDMax = 100%)
PictureMode=2
Tmax=100
Tmin=0.01
Tgamma=2.2
Tdiagonalinches=42
TLMS2RGBmat=6.03049738 -5.02712294 0.13477834 -1.12481801 2.29369916 -0.17963507 0.02166157 -0.15268135 0.95315637
RGB2YCCmat=1.00000000 0.00000000 0.00000000 0.00000000 1.00000000 0.00000000 0.00000000 0.00000000 1.00000000
RGB2YCCOffset=0 0 0
TBitDepth=8
TEOTF=POWER
GlobalDimming=0
TBackLightUIlut=-0.9595 -0.8784 -0.7932 -0.7203 -0.6392 -0.5581 -0.4730 -0.3959 -0.3149 -0.2378 -0.1568 -0.0797 -0.02 0.0


# Cinema (GD OFF  GDMax = 100%)
PictureMode=3
Tmax=284
Tmin=0.01
Tgamma=2.2
Tdiagonalinches=42
TLMS2RGBmat=5.38572773 -4.37460535 0.13598999 -0.88712532 2.00306990 -0.13918871 -0.00235146 -0.12354223 0.98913372
RGB2YCCmat=1.00000000 0.00000000 0.00000000 0.00000000 1.00000000 0.00000000 0.00000000 0.00000000 1.00000000
RGB2YCCOffset=0 0 0
TBitDepth=8
TEOTF=POWER
GlobalDimming=0
GDAnchorPQCoeff=1.0
GDAnchorPowerCoeff=0.5
globalDimmingDelay=40
GDPwm=2 64 128 192 255
GDLight=62.5 69.4 102.4 171.0 284.0
GDContrast=2142.0
TBackLightUIlut=-0.9595 -0.8784 -0.7932 -0.7203 -0.6392 -0.5581 -0.4730 -0.3959 -0.3149 -0.2378 -0.1568 -0.0797 -0.02 0.0

# SDR Mode 
PictureMode=255
Tmax=100
Tmin=0.01
Tgamma=2.2
Tdiagonalinches=42
TLMS2RGBmat=5.4727 -4.6424 0.1697 -1.1252 2.2930 -0.1679 0.0298 -0.1931 1.1633
RGB2YCCmat=1.00000000 0.00000000 0.00000000 0.00000000 1.00000000 0.00000000 0.00000000 0.00000000 1.00000000
RGB2YCCOffset=0 0 0
TBitDepth=8
TEOTF=POWER
GlobalDimming=0
TBackLightUIlut=-0.9595 -0.8784 -0.7932 -0.7203 -0.6392 -0.5581 -0.4730 -0.3959 -0.3149 -0.2378 -0.1568 -0.0797 -0.02 0.0
